# Created by Octave 3.8.0, Sat Jan 06 21:49:42 2018 EST <nyu@mac-nayu.fios-router.home>
# name: MP
# type: matrix
# rows: 1
# columns: 3
 456 567 678


